0
0
0
0
0
0
0
0
0
0
2.0
2.0
2.0
2.0
2.0
2.0
2.0
2.0
2.0
2.0
2.0
2.0
2.0
4.8
4.8
4.8
4.8
4.8
4.8
4.8
4.8
4.8
4.8
4.8
4.8
4.8
4.8
4.8
4.8
4.17
4.17
3.71
3.71
3.71
3.56
3.56
3.56
3.56
3.56
3.56
3.56
3.56
3.56
3.56
3.56
3.56
3.56
3.56
3.56
3.56
3.56
3.56
3.56
3.56
3.56
3.56
3.56
3.56
3.56
3.56
3.56
3.56
3.56
3.56
3.56
3.56
3.56
3.56
3.56
3.56
3.56
3.56
3.56
3.56
3.56
3.56
3.56
3.56
3.56
3.56
3.56
3.56
3.56
3.56
3.56
3.56
3.56
3.56
3.3
3.3
3.3
3.3
3.3
3.3
3.3
3.3
3.3
3.3
3.3
3.3
3.3
3.25
3.25
3.25
3.08
3.08
3.08
3.08
3.08
3.08
3.08
3.08
3.08
3.08
3.08
3.08
3.08
3.08
3.08
3.08
2.93
2.93
2.93
2.93
2.93
2.93
2.93
2.93
2.93
2.93
2.93
2.93
2.93
2.93
2.93
2.93
2.93
3.07
3.07
3.07
3.07
3.07
3.07
3.07
3.07
3.07
3.07
3.07
3.07
3.07
3.07
3.07
3.07
3.07
3.07
3.07
3.07
3.07
3.07
2.94
2.94
2.94
2.94
2.94
2.94
2.94
2.94
2.94
2.94
2.94
2.94
2.94
2.94
2.94
2.94
2.94
3.37
3.37
3.37
3.37
3.37
3.37
3.37
3.37
3.37
3.37
3.37
3.37
3.37
3.37
3.37
3.37
3.37
3.68
3.68
3.68
3.68
3.68
3.68
3.68
3.68
3.68
3.68
3.68
3.68
3.68
3.68
3.68
3.68
3.68
3.68
3.68
3.68
3.68
3.68
3.71
3.71
3.71
3.65
3.65
3.54
3.54
3.54
3.54
3.54
3.54
3.54
3.54
3.54
3.54
3.44
3.44
3.44
3.44
3.44
3.44
3.44
3.44
3.44
3.44
3.44
3.44
3.44
3.44
3.44
3.44
3.44
3.44
3.44
3.44
3.44
3.44
3.44
3.44
3.44
3.44
3.44
3.44
3.44
3.44
3.44
3.44
3.44
3.35
3.35
3.35
3.35
3.35
3.35
3.35
3.33
3.33
3.33
3.33
3.33
3.33
3.33
3.33
3.33
3.33
3.33
3.33
3.33
3.33
3.33
3.33
3.33
3.33
3.33
3.33
3.33
3.33
3.25
3.25
3.25
3.25
3.25
3.25
3.25
3.25
3.25
3.25
3.25
3.25
3.25
3.25
3.25
3.25
3.25
3.25
3.25
3.25
3.25
3.25
3.25
3.25
3.25
3.25
3.25
3.25
3.25
3.25
3.25
3.25
3.25
3.25
3.25
3.25
3.25
3.25
3.25
3.25
3.25
3.25
3.25
3.25
3.25
3.25
3.25
3.25
3.25
3.25
3.25
3.25
3.25
3.17
3.17
3.17
3.17
3.17
3.17
3.17
3.17
3.17
3.1
3.1
3.1
3.1
3.1
3.1
3.1
3.1
3.1
3.1
3.1
3.1
3.1
3.1
3.1
3.1
3.1
3.1
3.1
3.1
3.1
3.1
3.1
3.59
3.59
3.59
3.59
3.59
3.59
3.59
3.59
3.59
3.59
3.59
3.59
3.59
3.59
3.59
3.59
3.59
3.59
3.59
3.59
3.59
3.59
3.59
3.59
3.59
3.59
3.59
3.59
3.59
3.59
3.59
3.59
3.59
3.59
3.59
3.59
3.59
3.52
3.52
3.52
3.52
3.45
3.45
3.45
3.45
3.45
3.45
3.45
3.45
3.45
3.45
3.45
3.45
3.45
3.45
3.45
3.45
3.45
3.45
3.45
3.49
3.49
3.49
3.49
3.49
3.49
3.49
3.49
3.49
3.49
3.49
3.49
3.49
3.49
3.49
3.49
3.49
3.49
3.58
3.58
3.58
3.58
3.58
3.56
3.56
3.55
3.55
3.55
3.55
3.55
3.55
3.55
3.55
3.49
3.49
3.49
3.49
3.49
3.49
3.49
3.49
3.49
3.49
3.49
3.49
3.49
3.49
3.49
3.43
3.43
3.43
3.43
3.43
3.43
3.43
3.43
3.43
3.43
3.43
3.43
3.43
3.43
3.43
3.43
3.43
3.41
3.41
3.41
3.41
3.41
3.41
3.41
3.36
3.36
3.44
3.39
3.39
3.39
3.39
3.39
3.39
3.39
3.39
3.39
3.39
3.39
3.39
3.39
3.39
3.34
3.34
3.34
3.34
3.34
3.34
3.34
3.34
3.34
3.34
3.34
3.34
3.34
3.34
3.34
3.34
3.34
3.34
3.34
3.34
3.34
3.45
3.45
3.45
3.45
3.45
3.45
3.45
3.45
3.45
3.45
3.45
3.45
3.45
3.45
3.45
3.45
3.45
3.45
3.45
3.45
3.45
3.45
3.45
3.45
3.51
3.47
3.47
3.47
3.47
3.47
3.47
3.47
3.47
3.47
3.47
3.42
3.42
3.42
3.42
3.42
3.42
3.42
3.42
3.42
3.42
3.42
3.42
3.42
3.42
3.42
3.42
3.42
3.42
3.42
3.42
3.42
3.42
3.42
3.42
3.42
3.42
3.42
3.42
3.42
3.42
3.42
3.42
3.42
3.42
3.42
3.42
3.42
3.42
3.42
3.42
3.42
3.42
3.42
3.42
3.42
3.42
3.42
3.42
3.42
3.42
3.42
3.42
3.42
3.42
3.42
3.42
3.42
3.42
3.42
3.42
3.42
3.42
3.42
3.42
3.42
3.42
3.42
3.42
3.42
3.42
3.42
3.42
3.42
3.42
3.42
3.41
3.41
3.65
3.6
3.6
3.6
3.6
3.56
3.56
3.56
3.56
3.56
3.56
3.56
3.56
3.56
3.56
3.56
3.56
3.56
3.56
3.56
3.56
3.56
3.56
3.56
3.56
3.56
3.56
3.56
3.56
3.56
3.56
3.56
3.56
3.56
3.56
3.56
3.56
3.56
3.56
3.56
3.56
3.56
3.56
3.56
3.56
3.56
3.56
3.56
3.56
3.56
3.56
3.56
3.56
3.56
3.56
3.56
3.62
3.62
3.62
3.62
3.62
3.62
3.62
3.62
3.62
3.62
3.62
3.62
3.62
3.62
3.62
3.62
3.62
3.62
3.62
3.62
3.62
3.62
3.62
3.62
3.62
3.62
3.62
3.62
3.62
3.62
3.62
3.62
3.62
3.62
3.62
3.62
3.62
3.62
3.62
3.63
3.63
3.63
3.63
3.63
3.63
3.63
3.63
3.63
3.63
3.63
3.63
3.63
3.63
3.63
3.63
3.63
3.63
3.63
3.63
3.63
3.63
3.63
3.59
3.59
3.59
3.59
3.59
3.59
3.59
3.59
3.67
3.67
3.67
3.67
3.67
3.67
3.67
3.67
3.67
3.67
3.67
3.67
3.67
3.67
3.67
3.67
3.67
3.67
3.67
3.67
3.67
3.67
3.67
3.67
3.67
3.67
3.67
3.63
3.63
3.63
3.63
3.63
3.63
3.63
3.63
3.63
3.63
3.63
3.59
3.59
3.59
3.59
3.59
3.59
3.59
3.59
3.59
3.59
3.59
3.59
3.59
3.59
3.59
3.59
3.59
3.59
3.59
3.59
3.59
3.59
3.59
3.59
3.59
3.59
3.59
3.59
3.59
3.59
3.59
3.58
3.58
3.58
3.58
3.58
3.58
3.58
3.58
3.58
3.58
3.58
3.54
3.54
3.54
3.54
3.54
3.54
3.54
3.54
3.54
3.54
3.54
3.54
3.54
3.54
3.54
3.54
3.54
3.51
3.51
3.51
3.51
3.51
3.51
3.51
3.51
3.5
3.5
3.5
3.49
3.49
3.49
3.53
3.53
3.53
3.53
3.53
3.53
3.53
3.53
3.5
3.5
3.5
3.5
3.5
3.5
3.5
3.5
3.47
3.47
3.47
3.47
3.47
3.47
3.47
3.47
3.44
3.44
3.44
3.44
3.44
3.44
3.44
3.44
3.44
3.44
3.44
3.44
3.44
3.44
3.44
3.44
3.44
3.44
3.43
3.43
3.43
3.43
3.43
3.43
3.43
3.43
3.43
3.43
3.43
3.43
3.43
3.43
3.43
3.45
3.45
3.45
3.45
3.55
3.52
3.52
3.52
3.52
3.52
3.52
3.52
3.52
3.52
3.52
3.52
3.52
3.51
3.51
3.51
3.51
3.51
3.51
3.51
3.51
3.51
3.51
3.51
3.51
3.51
3.51
3.51
3.51
3.51
3.51
3.51
3.51
3.51
3.51
3.52
3.52
3.52
3.52
3.52
3.52
3.52
3.52
3.56
3.56
3.56
3.56
3.56
3.56
3.56
3.56
3.56
3.56
3.56
3.56
3.56
3.56
3.56
3.56
3.56
3.56
3.63
3.63
3.63
3.63
3.63
3.63
3.63
3.63
3.72
3.72
3.72
3.72
3.72
3.72
3.72
3.72
3.72
3.72
3.72
3.74
3.74
3.75
3.75
3.75
3.75
3.75
3.75
3.78
3.78
3.78
3.78
3.78
3.78
3.78
3.78
3.78
3.78
3.78
3.78
3.78
3.78
3.78
3.78
3.78
3.78
3.78
3.78
3.78
3.78
3.78
3.78
3.78
3.78
3.78
3.78
3.78
3.78
3.78
3.78
3.78
3.78
3.78
3.78
3.78
3.78
3.78
3.78
3.78
3.78
3.78
3.78
3.78
3.78
3.78
3.78
3.78
3.78
3.78
3.78
3.75
3.75
3.75
3.75
3.75
3.75
3.75
3.75
3.75
3.75
3.75
3.75
3.75
3.75
3.75
3.75
3.75
3.75
3.75
3.75
3.75
3.75
3.75
3.75
3.75
3.75
3.75
3.75
3.75
3.75
3.75
3.75
3.75
3.75
3.75
3.75
3.75
3.72
3.72
3.72
3.72
3.72
3.72
3.72
3.72
3.72
3.72
3.72
3.72
3.75
3.75
3.75
3.75
3.75
3.75
3.75
3.75
3.75
3.75
3.75
3.75
3.75
3.75
3.75
3.75
3.75
3.75
3.75
3.75
3.75
3.75
3.75
3.75
3.75
3.75
3.75
3.75
3.75
3.75
3.75
3.75
3.75
3.75
3.75
3.75
3.75
3.75
3.75
3.75
3.75
3.75
3.75
3.75
3.75
3.75
3.75
3.75
3.75
3.75
3.75
3.75
3.75
3.75
3.75
3.75
3.75
3.75
3.75
3.75
3.75
3.75
3.75
3.75
3.75
3.75
3.75
3.75
3.75
3.75
3.75
3.75
3.75
3.75
3.75
3.75
3.75
3.75
3.75
3.75
3.75
3.75
3.75
3.75
3.75
3.75
3.75
3.75
3.75
3.75
3.75
3.75
3.75
3.75
3.75
3.75
3.75
3.75
3.75
3.72
3.72
3.72
3.72
3.72
3.72
3.72
3.72
3.72
3.72
3.72
3.72
3.72
3.72
3.72
3.72
3.72
3.72
3.72
3.72
3.72
3.72
3.72
3.72
3.72
3.72
3.72
3.72
3.72
3.72
3.72
3.72
3.72
3.72
3.72
3.72
3.72
3.7
3.7
3.7
3.7
3.7
3.7
3.7
3.7
3.7
3.7
3.7
3.7
3.7
3.7
3.7
3.7
3.67
3.67
3.67
3.67
3.67
3.67
3.67
3.67
3.67
3.67
3.67
3.67
3.67
3.67
3.67
3.67
3.67
3.67
3.67
3.67
3.67
3.67
3.67
3.67
3.67
3.67
3.67
3.67
3.67
3.67
3.67
3.67
3.67
3.67
3.67
3.67
3.65
3.65
3.65
3.65
3.65
3.65
3.65
3.65
3.65
3.65
3.65
3.65
3.65
3.65
3.65
3.65
3.65
3.62
3.62
3.62
3.62
3.6
3.6
3.6
3.6
3.6
3.6
3.6
3.6
3.6
3.6
3.6
3.6
3.6
3.6
3.6
3.59
3.59
3.59
3.59
3.59
3.59
3.59
3.59
3.59
3.59
3.59
3.59
3.59
3.59
3.59
3.59
3.59
3.59
3.59
3.59
3.59
3.59
3.59
3.57
3.57
3.57
3.57
3.57
3.57
3.57
3.57
3.54
3.54
3.54
3.54
3.54
3.54
3.54
3.54
3.54
3.54
3.54
3.54
3.54
3.54
3.54
3.54
3.54
3.54
3.52
3.52
3.52
3.52
3.52
3.52
3.52
3.58
3.58
3.58
3.58
3.58
3.58
3.58
3.58
3.58
3.58
3.58
3.58
3.58
3.58
3.58
3.58
3.58
3.58
3.58
3.58
3.58
3.58
3.58
3.58
3.58
3.58
3.58
3.57
3.57
3.57
3.57
3.57
3.57
3.57
3.57
3.57
3.57
3.57
3.57
3.57
3.57
3.55
3.55
3.55
3.55
3.55
3.55
3.55
3.55
3.55
3.55
3.55
3.54
3.54
3.54
3.54
3.54
3.54
3.54
3.54
3.57
3.57
3.57
3.57
3.57
3.57
3.61
3.61
3.61
3.61
3.61
3.61
3.61
3.61
3.61
3.59
3.59
3.59
3.59
3.59
3.59
3.59
3.59
3.59
3.59
3.59
3.59
3.58
3.58
3.58
3.56
3.56
3.56
3.59
3.59
3.59
3.59
3.59
3.59
3.59
3.62
3.62
3.62
3.62
3.62
3.62
3.62
3.62
3.62
3.62
3.62
3.62
3.62
3.62
3.62
3.62
3.62
3.62
3.62
3.62
3.62
3.62
3.62
3.62
3.62
3.62
3.62
3.62
3.62
3.62
3.62
3.62
3.62
3.62
3.62
3.62
3.62
3.62
3.62
3.62
3.62
3.62
3.62
3.62
3.62
3.62
3.63
3.63
3.63
3.63
3.63
3.63
3.63
3.63
3.63
3.63
3.64
3.64
3.64
3.64
3.64
3.64
3.64
3.64
3.64
3.64
3.64
3.64
3.64
3.64
3.64
3.64
3.64
3.64
3.64
3.64
3.64
3.64
3.64
3.64
3.64
3.64
3.64
3.64
3.64
3.64
3.65
3.65
3.65
3.65
3.65
3.65
3.65
3.65
3.65
3.65
3.65
3.65
3.65
3.65
3.65
3.65
3.65
3.65
3.65
3.65
3.65
3.65
3.65
3.65
3.65
3.65
3.65
3.65
3.65
3.66
3.67
3.67
3.67
3.67
3.67
3.67
3.67
3.67
3.67
3.67
3.67
3.67
3.67
3.65
3.63
3.62
3.62
3.62
3.62
3.62
3.62
3.62
3.62
3.62
3.62
3.62
3.62
3.62
3.62
3.62
3.62
3.67
3.67
3.67
3.67
3.67
3.67
3.67
3.67
3.67
3.67
3.67
3.67
3.67
3.67
3.67
3.67
3.67
3.67
3.67
3.67
3.67
3.66
3.66
3.66
3.66
3.66
3.66
3.66
3.66
3.66
3.66
3.66
3.66
3.66
3.66
3.66
3.66
3.66
3.66
3.66
3.66
3.66
3.66
3.66
3.66
3.66
3.66
3.64
3.66
3.66
3.66
3.66
3.66
3.66
3.66
3.66
3.66
3.66
3.66
3.66
3.66
3.66
3.66
3.66
3.66
3.66
3.66
3.66
3.66
3.66
3.66
3.66
3.66
3.66
3.66
3.66
3.66
3.66
3.66
3.66
3.66
3.66
3.66
3.64
3.64
3.64
3.64
3.64
3.64
3.64
3.68
3.68
3.68
3.68
3.68
3.68
3.68
3.68
3.68
3.68
3.68
3.68
3.68
3.68
3.68
3.68
3.68
3.67
3.67
3.67
3.67
3.67
3.67
3.67
3.67
3.67
3.67
3.67
3.67
3.67
3.67
3.67
3.67
3.67
3.67
3.67
3.67
3.67
3.67
3.67
3.67
3.67
3.67
3.67
3.67
3.67
3.67
3.67
3.67
3.67
3.67
3.77
3.77
3.77
3.77
3.77
3.77
3.77
3.77
3.77
3.77
3.77
3.77
3.77
3.77
3.77
3.77
3.77
3.77
3.77
3.77
3.77
3.77
3.77
3.77
3.77
3.77
3.77
3.75
3.75
3.75
3.75
3.75
3.75
3.75
3.75
3.75
3.75
3.75
3.75
3.75
3.75
3.75
3.75
3.75
3.75
3.75
3.75
3.75
3.75
3.75
3.75
3.73
3.73
3.73
3.73
3.73
3.73
3.73
3.73
3.73
3.73
3.73
3.73
3.73
3.73
3.73
3.71
3.71
3.71
3.71
3.71
3.71
3.71
3.71
3.71
3.71
3.7
3.7
3.7
3.7
3.7
3.7
3.7
3.7
3.69
3.69
3.69
3.69
3.69
3.69
3.69
3.69
3.69
3.69
3.69
3.69
3.69
3.69
3.69
3.69
3.69
3.69
3.69
3.69
3.69
3.69
3.69
3.69
3.69
3.69
3.69
3.69
3.69
3.67
3.67
3.67
3.67
3.67
3.67
3.67
3.67
3.67
3.67
3.67
3.67
3.67
3.65
3.65
3.65
3.65
3.65
3.65
3.65
3.65
3.65
3.65
3.65
3.65
3.65
3.65
3.65
3.65
3.65
3.65
3.65
3.65
3.65
3.64
3.64
3.64
3.64
3.64
3.64
3.64
3.64
3.64
3.64
3.64
3.64
3.64
3.64
3.64
3.64
3.64
3.64
3.64
3.64
3.64
3.64
3.64
3.64
3.64
3.64
3.64
3.64
3.64
3.64
3.64
3.64
3.64
3.64
3.64
3.64
3.63
3.63
3.63
3.63
3.63
3.63
3.63
3.63
3.63
3.63
3.63
3.63
3.63
3.63
3.63
3.63
3.63
3.63
3.63
3.65
3.65
3.65
3.65
3.65
3.65
3.65
3.65
3.65
3.65
3.65
3.65
3.65
3.65
3.65
3.65
3.65
3.65
3.65
3.65
3.65
3.65
3.65
3.65
3.67
3.67
3.67
3.67
3.67
3.67
3.67
3.67
3.67
3.67
3.67
3.67
3.67
3.7
3.7
3.7
3.7
3.7
3.7
3.7
3.7
3.7
3.7
3.7
3.7
3.7
3.7
3.7
3.68
3.68
3.68
3.68
3.68
3.68
3.68
3.68
3.68
3.68
3.68
3.68
3.68
3.68
3.68
3.68
3.68
3.68
3.68
3.68
3.68
3.68
3.66
3.66
3.66
3.66
3.66
3.66
3.66
3.66
3.66
3.66
3.66
3.66
3.66
3.66
3.66
3.64
3.64
3.64
3.64
3.64
3.64
3.64
3.64
3.64
3.64
3.64
3.64
3.64
3.64
3.64
3.64
3.64
3.64
3.64
3.64
3.64
3.64
3.64
3.64
3.64
3.64
3.64
3.64
3.64
3.64
3.64
3.64
3.64
3.64
3.65
3.65
3.65
3.65
3.65
3.65
3.65
3.65
3.69
3.69
3.69
3.69
3.69
3.69
3.69
3.69
3.69
3.69
3.69
3.69
3.69
3.69
3.69
3.69
3.69
3.69
3.72
3.72
3.72
3.72
3.72
3.71
3.71
3.71
3.71
3.71
3.71
3.71
3.71
3.7
3.7
3.7
3.7
3.7
3.7
3.7
3.7
3.7
3.7
3.7
3.7
3.72
3.72
3.72
3.72
3.72
3.72
3.72
3.72
3.72
3.72
3.72
3.72
3.72
3.72
3.72
3.72
3.72
3.72
3.72
3.72
3.72
3.72
3.72
3.72
3.72
3.72
3.72
3.72
3.72
3.72
3.72
3.72
3.72
3.73
3.72
3.72
3.72
3.72
3.72
3.72
3.72
3.72
3.72
3.72
3.72
3.72
3.72
3.7
3.7
3.7
3.7
3.7
3.7
3.7
3.7
3.72
3.72
3.72
3.72
3.72
3.72
3.72
3.72
3.72
3.73
3.73
3.73
3.73
3.73
3.73
3.73
3.73
3.73
3.73
3.73
3.73
3.74
3.74
3.74
3.74
3.74
3.74
3.74
3.75
3.75
3.75
3.75
3.75
3.75
3.75
3.75
3.75
3.75
3.75
3.75
3.75
3.75
3.75
3.75
3.74
3.74
3.74
3.74
3.74
3.74
3.74
3.74
3.74
3.74
3.74
3.74
3.74
3.74
3.72
3.72
3.72
3.72
3.72
3.72
3.72
3.72
3.72
3.72
3.72
3.72
3.72
3.72
3.72
3.72
3.72
3.72
3.72
3.72
3.72
3.72
3.72
3.72
3.72
3.72
3.72
3.72
3.72
3.72
3.72
3.72
3.72
3.72
3.72
3.72
3.72
3.72
3.72
3.72
3.72
3.72
3.72
3.72
3.72
3.72
3.72
3.72
3.72
3.72
3.72
3.72
3.72
3.72
3.72
3.72
3.72
3.72
3.72
3.72
3.72
3.72
3.72
3.72
3.72
3.72
3.71
3.71
3.71
3.71
3.71
3.71
3.71
3.71
3.69
3.69
3.69
3.69
3.69
3.69
3.69
3.69
3.69
3.69
3.69
3.69
3.69
3.69
3.69
3.69
3.69
3.69
3.69
3.69
3.69
3.69
3.69
3.69
3.69
3.69
3.69
3.69
3.69
3.69
3.69
3.69
3.69
3.69
3.69
3.69
3.69
3.69
3.69
3.71
3.71
3.71
3.71
3.71
3.71
3.71
3.71
3.71
3.71
3.71
3.71
3.71
3.71
3.71
3.71
3.7
3.7
3.7
3.69
3.69
3.69
3.69
3.67
3.67
3.67
3.66
3.66
3.66
3.66
3.66
3.66
3.67
3.67
3.67
3.67
3.67
3.67
3.67
3.67
3.67
3.67
3.67
3.67
3.67
3.67
3.67
3.67
3.67
3.67
3.67
3.67
3.67
3.67
3.67
3.67
3.67
3.67
3.67
3.67
3.67
3.67
3.67
3.67
3.67
3.67
3.67
3.67
3.67
3.67
3.67
3.67
3.67
3.67
3.67
3.67
3.67
3.67
3.67
3.67
3.67
3.67
3.67
3.67
3.67
3.66
3.66
3.66
3.66
3.66
3.66
3.66
3.66
3.64
3.64
3.64
3.65
3.65
3.65
3.65
3.65
3.65
3.65
3.65
3.65
3.65
3.65
3.65
3.65
3.65
3.65
3.65
3.65
3.65
3.65
3.65
3.65
3.65
3.65
3.65
3.65
3.65
3.65
3.65
3.65
3.65
3.65
3.65
3.65
3.65
3.65
3.65
3.65
3.65
3.65
3.65
3.65
3.65
3.65
3.65
3.65
3.65
3.65
3.65
3.65
3.65
3.65
3.65
3.65
3.65
3.65
3.65
3.65
3.65
3.65
3.65
3.65
3.65
3.65
3.65
3.65
3.65
3.65
3.65
3.65
3.65
3.65
3.65
3.63
3.63
3.63
3.63
3.63
3.63
3.63
3.63
3.63
3.76
3.76
3.76
3.76
3.76
3.76
3.76
3.76
3.76
3.76
3.76
3.76
3.76
3.76
3.76
3.76
3.76
3.76
3.76
3.76
3.76
3.76
3.76
3.76
3.76
3.76
3.76
3.76
3.76
3.76
3.76
3.76
3.76
3.76
3.76
3.76
3.76
3.76
3.76
3.76
3.76
3.76
3.76
3.76
3.76
3.76
3.76
3.76
3.76
3.76
3.76
3.76
3.76
3.75
3.75
3.75
3.75
3.75
3.84
3.84
3.84
3.84
3.83
3.83
3.83
3.83
3.83
3.83
3.83
3.83
3.83
3.83
3.83
3.83
3.83
3.83
3.83
3.83
3.83
3.83
3.83
3.83
3.83
3.83
3.83
3.83
3.83
3.83
3.83
3.83
3.83
3.83
3.83
3.83
3.83
3.83
3.83
3.83
3.83
3.83
3.83
3.83
3.83
3.83
3.83
3.83
3.83
3.83
3.83
3.82
3.82
3.84
3.84
3.84
3.84
3.84
3.84
3.84
3.84
3.84
3.84
3.84
3.84
3.84
3.84
3.84
3.84
3.84
3.84
3.84
3.84
3.84
3.84
3.84
3.84
3.84
3.84
3.84
3.84
3.82
3.82
3.82
3.82
3.82
3.82
3.82
3.82
3.82
3.82
3.82
3.82
3.82
3.81
3.81
3.81
3.81
3.81
3.81
3.81
3.81
3.81
3.81
3.81
3.81
3.81
3.81
3.81
3.81
3.81
3.81
3.81
3.81
3.81
3.81
3.81
3.81
3.81
3.81
3.81
3.81
3.81
3.81
3.81
3.81
3.81
3.81
3.81
3.81
3.81
3.81
3.81
3.81
3.81
3.81
3.81
3.81
3.81
3.81
3.81
3.81
3.81
3.81
3.81
3.81
3.81
3.81
3.81
3.81
3.81
3.81
3.81
3.8
3.8
3.8
3.8
3.8
3.8
3.78
3.78
3.78
3.78
3.78
3.78
3.78
3.78
3.78
3.78
3.78
3.78
3.78
3.78
3.78
3.78
3.78
3.78
3.78
3.78
3.78
3.8
3.8
3.8
3.8
3.8
3.8
3.8
3.8
3.8
3.8
3.8
3.8
3.8
3.8
3.8
3.8
3.8
3.8
3.8
3.8
3.8
3.8
3.8
3.8
3.8
3.8
3.8
3.79
3.79
3.79
3.79
3.79
3.79
3.79
3.79
3.79
3.79
3.79
3.79
3.79
3.79
3.79
3.79
3.79
3.79
3.79
3.79
3.79
3.78
3.78
3.78
3.78
3.78
3.78
3.78
3.78
3.78
3.78
3.78
3.78
3.78
3.78
3.78
3.78
3.78
3.78
3.78
3.78
3.78
3.78
3.78
3.78
3.78
3.78
3.78
3.78
3.78
3.78
3.78
3.78
3.78
3.78
3.78
3.78
3.78
3.78
3.78
3.78
3.77
3.77
3.77
3.77
3.77
3.77
3.77
3.76
3.76
3.76
3.76
3.76
3.76
3.76
3.76
3.76
3.76
3.76
3.76
3.76
3.76
3.76
3.76
3.76
3.79
3.79
3.79
3.79
3.79
3.79
3.78
3.78
3.78
3.78
3.78
3.78
3.78
3.78
3.78
3.78
3.78
3.78
3.78
3.78
3.78
3.78
3.76
3.76
3.76
3.76
3.68
3.68
3.68
3.68
3.68
3.68
3.68
3.68
3.68
3.68
3.68
3.68
3.68
3.68
3.68
3.68
3.68
3.68
3.68
3.68
3.68
3.68
3.68
3.68
3.68
3.68
3.68
3.68
3.68
3.68
3.68
3.68
3.68
3.68
3.68
3.68
3.68
3.68
3.68
3.65
3.65
3.65
3.65
3.65
3.65
3.65
3.65
3.65
3.65
3.65
3.65
3.65
3.65
3.65
3.65
3.65
3.65
3.65
3.65
3.65
3.65
3.65
3.65
3.65
3.65
3.65
3.65
3.65
3.65
3.65
3.65
3.65
3.65
3.65
3.65
3.65
3.65
3.65
3.65
3.65
3.65
3.65
3.65
3.65
3.65
3.65
3.65
3.67
3.67
3.67
3.6
3.6
3.6
3.6
3.6
3.6
3.6
3.6
3.6
3.6
3.6
3.75
3.74
3.74
3.74
3.74
3.74
3.74
3.74
3.74
3.74
3.74
3.74
3.74
3.74
3.74
3.74
3.74
3.74
3.74
3.74
3.74
3.74
3.74
3.74
3.74
3.65
3.65
3.65
3.65
3.65
3.65
3.65
3.65
3.65
3.65
3.65
3.65
3.64
3.64
3.63
3.63
3.63
3.63
3.63
3.63
3.62
3.62
3.62
3.62
3.62
3.62
3.62
3.62
3.62
3.62
3.62
3.62
3.62
3.62
3.62
3.62
3.62
3.62
3.62
3.62
3.62
3.62
3.62
3.62
3.62
3.62
3.62
3.62
3.62
3.62
3.62
3.62
3.62
3.62
3.63
3.63
3.63
3.63
3.61
3.61
3.61
3.61
3.61
3.61
3.61
3.61
3.61
3.61
3.61
3.61
3.61
3.61
3.61
3.64
3.64
3.64
3.64
3.64
3.64
3.64
3.64
3.64
3.63
3.63
3.63
3.63
3.63
3.63
3.63
3.63
3.63
3.63
3.63
3.63
3.63
3.63
3.63
3.63
3.63
3.63
3.63
3.63
3.63
3.63
3.63
3.63
3.63
3.63
3.63
3.63
3.63
3.63
3.63
3.62
3.63
3.63
3.63
3.63
3.63
3.63
3.63
3.63
3.63
3.63
3.63
3.63
3.63
3.63
3.63
3.63
3.63
3.63
3.63
3.63
3.63
3.63
3.62
3.62
3.62
3.62
3.62
3.62
3.62
3.61
3.69
3.69
3.69
3.69
3.7
3.7
3.7
3.7
3.7
3.7
3.7
3.7
3.7
3.7
3.7
3.7
3.7
3.7
3.7
3.7
3.7
3.7
3.71
3.71
3.71
3.71
3.71
3.71
3.71
3.71
3.71
3.71
3.71
3.71
3.71
3.71
3.71
3.71
3.71
3.71
3.71
3.71
3.71
3.59
3.59
3.59
3.59
3.59
3.59
3.59
3.59
3.59
3.58
3.58
3.58
3.58
3.58
3.58
3.58
3.58
3.58
3.58
3.58
3.58
3.58
3.57
3.57
3.57
3.57
3.57
3.57
3.57
3.57
3.57
3.57
3.57
3.57
3.57
3.57
3.57
3.57
3.56
3.56
3.56
3.56
3.56
3.56
3.56
3.56
3.56
3.56
3.56
3.56
3.47
3.47
3.47
3.47
3.47
3.47
3.47
3.47
3.47
3.47
3.47
3.47
3.47
3.47
3.47
3.47
3.47
3.47
3.47
3.47
3.47
3.47
3.47
3.47
3.47
3.47
3.47
3.47
3.47
3.47
3.47
3.47
3.47
3.47
3.46
3.46
3.46
3.46
3.46
3.46
3.46
3.46
3.46
3.46
3.46
3.46
3.46
3.46
3.46
3.46
3.46
3.46
3.46
3.46
3.46
3.46
3.46
3.46
3.46
3.43
3.43
3.43
3.43
3.43
3.43
3.43
3.43
3.43
3.43
3.43
3.43
3.43
3.42
3.42
3.42
3.42
3.42
3.42
3.42
3.42
3.42
3.42
3.44
3.44
3.44
3.44
3.44
3.44
3.44
3.46
3.46
3.46
3.46
3.46
3.46
3.46
3.46
3.46
3.46
3.46
3.46
3.46
3.46
3.46
3.46
3.46
3.46
3.46
3.4
3.4
3.4
3.4
3.4
3.4
3.4
3.4
3.4
3.4
3.4
3.4
3.39
3.39
3.39
3.39
3.39
3.39
3.39
3.39
3.39
3.39
3.39
3.39
3.39
3.39
3.39
3.39
3.39
3.39
3.39
3.39
3.39
3.39
3.39
3.39
3.39
3.39
3.39
3.39
3.39
3.39
3.39
3.39
3.39
3.39
3.39
3.39
3.39
3.39
3.39
3.39
3.39
3.38
3.38
3.38
3.39
3.39
3.39
3.37
3.37
3.37
3.37
3.37
3.37
3.37
3.37
3.37
3.37
3.37
3.37
3.37
3.37
3.37
3.37
3.37
3.37
3.37
3.37
3.37
3.37
3.37
3.37
3.37
3.37
3.37
3.37
3.37
3.37
3.37
3.37
3.37
3.37
3.37
3.37
3.37
3.37
3.37
3.37
3.37
3.38
3.38
3.25
3.25
3.25
3.25
3.25
3.25
3.25
3.25
3.25
3.25
3.25
3.25
3.25
3.25
3.25
3.25
3.25
3.25
3.24
3.24
3.24
3.24
3.24
3.24
3.24
3.24
3.24
3.24
3.24
3.24
3.24
3.24
3.24
3.24
3.24
3.24
3.24
3.24
3.24
3.24
3.24
3.24
3.24
3.25
3.25
3.25
3.25
3.25
3.25
3.25
3.25
3.25
3.25
3.25
3.25
3.25
3.25
3.25
3.25
3.25
3.25
3.25
3.25
3.25
3.25
3.25
3.25
3.25
3.25
3.25
3.25
3.25
3.25
3.25
3.25
3.25
3.25
3.25
3.25
3.25
3.25
3.25
3.25
3.25
3.25
3.27
3.27
3.27
3.27
3.27
3.27
3.27
3.27
3.27
3.27
3.27
3.27
3.22
3.23
3.22
3.22
3.22
3.22
3.22
3.22
3.22
3.22
3.22
3.22
3.22
3.22
3.22
3.22
3.22
3.22
3.22
3.22
3.22
3.23
3.23
3.23
3.23
3.23
3.24
3.24
3.24
3.38
3.38
3.38
3.32
3.32
3.32
3.32
3.32
3.32
3.32
3.32
3.32
3.32
3.32
3.32
3.32
3.32
3.32
3.32
3.32
3.32
3.32
3.32
3.32
3.32
3.32
3.32
3.32
3.32
3.32
3.32
3.32
3.32
3.32
3.33
3.33
3.33
3.36
3.36
3.36
3.36
3.36
3.36
3.36
3.36
3.36
3.36
3.36
3.36
3.36
3.36
3.36
3.36
3.36
3.36
3.36
3.36
3.36
3.36
3.36
3.36
3.36
3.36
3.36
3.36
3.36
3.36
3.36
3.36
3.36
3.33
3.33
3.33
3.33
3.33
3.33
3.33
3.33
3.33
3.33
3.33
3.33
3.33
3.33
3.33
3.33
3.33
3.33
3.33
3.33
3.33
3.33
3.33
3.33
3.33
3.33
3.33
3.33
3.33
3.33
3.33
3.33
3.33
3.33
3.33
3.33
3.33
3.33
3.33
3.33
3.32
3.32
3.32
3.32
3.32
3.32
3.32
3.32
3.32
3.29
3.29
3.29
3.28
3.28
3.28
3.28
3.28
3.27
3.27
3.27
3.27
3.27
3.27
3.27
3.27
3.27
3.27
3.27
3.27
3.27
3.27
3.27
3.27
3.27
3.27
3.27
3.27
3.27
3.27
3.27
3.27
3.27
3.27
3.27
3.2
3.2
3.2
3.2
3.2
3.2
3.25
3.25
3.25
3.25
3.25
3.25
3.25
3.25
3.25
3.25
3.25
3.25
3.24
3.24
3.24
3.24
3.24
3.24
3.24
3.24
3.24
3.24
3.25
3.25
3.25
3.24
3.24
3.24
3.24
3.24
3.24
3.24
3.24
3.24
3.24
3.25
3.25
3.25
3.25
3.25
3.24
3.18
3.18
3.18
3.18
3.18
3.18
3.18
3.18
3.18
3.18
3.18
3.18
3.18
3.18
3.18
3.18
3.18
3.18
3.18
3.18
3.18
3.18
3.18
3.18
3.18
3.18
3.18
3.18
3.18
3.18
3.18
3.18
3.18
3.18
3.18
3.18
3.18
3.18
3.18
3.18
3.18
3.18
3.18
3.18
3.18
3.18
3.18
3.18
3.18
3.18
3.18
3.18
3.18
3.18
3.18
3.18
3.18
3.18
3.18
3.04
3.04
3.04
3.04
3.04
3.04
3.04
3.03
3.03
3.03
3.03
3.03
3.03
3.03
3.03
3.02
3.02
3.02
3.02
3.02
3.02
3.02
3.02
3.02
3.02
3.02
3.02
3.02
3.02
3.02
3.02
3.02
3.02
3.01
3.01
3.01
3.01
3.01
3.01
3.01
3.01
3.01
3.01
3.01
3.01
3.01
3.01
3.01
3.01
3.01
3.01
3.01
3.01
3.01
3.01
3.01
3.01
3.01
3.01
3.01
3.01
3.01
3.01
3.01
3.01
3.01
3.01
3.01
3.01
3.01
3.01
3.01
3.01
3.01
3.01
3.02
3.03
3.03
3.03
3.03
3.03
3.03
3.03
3.03
3.03
3.03
3.03
3.03
3.03
3.03
3.03
3.03
3.0
3.0
3.0
3.0
3.0
3.0
3.0
3.0
3.0
3.0
3.0
3.0
3.0
3.0
3.0
3.02
3.02
3.02
3.02
3.02
3.02
3.02
3.02
3.02
3.02
3.02
3.02
3.02
3.02
3.02
3.02
3.02
3.02
3.02
3.02
3.02
3.02
3.02
3.02
3.02
3.02
3.02
3.02
3.02
3.02
3.02
3.02
3.02
3.02
3.02
3.02
3.01
3.01
3.01
3.01
3.01
3.01
3.01
3.01
3.01
3.01
3.01
3.01
3.01
3.01
3.01
3.01
3.01
3.01
3.01
3.01
3.01
3.01
3.01
3.01
3.01
3.01
3.01
3.01
3.01
3.01
3.01
3.01
3.01
3.01
3.01
3.01
3.01
3.01
3.01
3.01
3.01
3.01
3.01
3.01
3.01
3.01
3.02
3.02
3.02
3.02
3.02
3.02
3.03
3.03
3.03
3.03
3.03
3.03
3.03
3.03
3.03
3.03
3.03
3.03
3.03
3.03
3.03
3.03
3.05
3.05
3.05
3.05
3.05
3.05
3.05
3.05
3.05
3.06
3.06
3.06
3.05
3.05
3.07
3.07
3.07
3.07
3.07
3.07
3.07
3.07
3.07
3.07
3.07
3.07
3.06
3.06
3.06
3.06
3.06
3.06
3.06
3.06
3.06
3.06
3.06
3.06
3.06
3.05
3.05
3.06
3.06
3.06
3.06
3.06
3.06
3.06
3.06
3.06
3.06
3.06
3.06
3.06
3.06
3.06
3.06
3.06
3.06
3.06
3.06
3.06
3.06
3.05
3.05
3.05
3.05
3.05
3.05
3.05
3.05
3.05
3.05
3.05
3.05
3.05
3.05
3.04
3.04
3.04
3.04
3.04
3.04
3.04
3.04
3.04
3.04
3.04
3.04
3.04
3.04
3.04
3.04
3.04
3.04
3.04
3.04
3.04
3.04
3.04
3.04
3.04
3.04
3.04
3.04
3.04
3.04
3.04
3.04
3.04
3.04
3.04
3.04
3.04
3.04
3.04
3.04
3.04
3.04
3.04
3.04
3.03
3.03
3.03
3.03
3.03
3.03
3.03
3.03
3.03
3.03
3.03
3.03
3.03
3.03
3.03
3.03
3.04
3.04
3.04
3.04
3.04
3.04
3.04
3.04
3.04
3.04
3.04
3.04
3.04
3.04
3.04
3.04
3.04
3.04
3.04
3.04
3.04
3.04
3.04
3.04
3.04
3.04
3.04
3.04
3.04
3.04
3.04
3.04
3.04
2.99
2.99
2.99
2.99
2.99
2.99
2.99
2.99
2.99
2.99
2.99
2.99
2.99
2.99
2.99
2.99
2.99
2.99
2.99
2.99
2.99
2.99
2.99
2.99
2.98
2.98
2.98
2.98
2.98
2.98
2.98
2.99
2.99
2.99
2.99
2.99
2.99
2.99
2.99
2.99
2.98
2.97
2.97
2.97
2.97
2.97
2.97
2.97
2.97
2.97
2.97
2.96
2.96
2.96
2.96
2.96
2.96
2.96
2.96
2.96
2.96
2.96
2.96
2.96
2.96
2.96
2.96
2.96
2.96
2.96
2.96
2.96
2.96
2.96
2.96
2.96
2.96
2.96
2.96
2.96
2.96
2.96
2.96
2.96
2.98
2.98
2.98
2.98
2.98
2.98
2.98
3.0
2.91
2.91
2.91
2.91
2.91
2.91
2.91
2.91
2.91
2.91
2.91
2.91
2.91
2.91
2.91
2.91
2.91
2.91
2.91
2.91
2.91
2.91
2.91
2.91
2.91
2.91
2.91
2.91
2.91
2.91
2.91
2.91
2.91
2.91
2.91
2.91
2.91
2.91
2.91
2.91
2.91
2.91
2.91
2.91
2.91
2.91
2.9
2.9
2.9
2.9
2.9
2.89
2.89
2.89
2.89
2.89
2.89
2.89
2.89
2.89
2.89
2.89
2.89
2.89
2.89
2.89
2.89
2.89
2.89
2.89
2.89
2.89
2.89
2.89
2.89
2.89
2.89
2.89
2.89
2.89
2.89
2.89
2.89
2.89
2.89
2.89
2.89
2.89
2.89
2.9
2.9
2.9
2.9
2.9
2.9
2.9
2.9
2.87
2.87
2.87
2.87
2.87
2.87
2.87
2.87
2.87
2.87
2.87
2.87
2.87
2.87
2.87
2.87
2.87
2.87
2.87
2.87
2.87
2.87
2.87
2.87
2.87
2.87
2.87
2.87
2.87
2.86
2.86
2.86
2.86
2.86
2.86
2.86
2.86
2.86
2.86
2.86
2.85
2.85
2.85
2.86
2.84
2.84
2.84
2.84
2.84
2.84
2.84
2.84
2.84
2.84
2.84
2.84
2.84
2.84
2.84
2.84
2.84
2.84
2.84
2.84
2.84
2.84
2.84
2.84
2.84
2.84
2.84
2.84
2.84
2.84
2.83
2.83
2.83
2.83
2.83
2.83
2.83
2.83
2.83
2.83
2.83
2.83
2.79
2.79
2.79
2.79
2.79
2.79
2.79
2.79
2.78
2.78
2.78
2.78
2.78
2.78
2.78
2.78
2.78
2.78
2.78
2.78
2.78
2.78
2.78
2.78
2.78
2.78
2.78
2.78
2.78
2.78
2.78
2.78
2.78
2.78
2.78
2.78
2.78
2.78
2.78
2.78
2.78
2.78
2.78
2.78
2.78
2.78
2.78
2.78
2.78
2.78
2.78
2.78
2.78
2.78
2.78
2.78
2.78
2.78
2.79
2.79
2.79
2.79
2.75
2.75
2.75
2.75
2.75
2.75
2.75
2.75
2.75
2.76
2.76
2.76
2.76
2.76
2.76
2.75
2.75
2.75
2.75
2.75
2.75
2.75
2.75
2.75
2.75
2.75
2.75
2.75
2.75
2.75
2.75
2.75
2.75
2.75
2.75
2.75
2.75
2.75
2.75
2.75
2.75
2.75
2.75
2.75
2.75
2.75
2.75
2.75
2.75
2.75
2.75
2.75
2.75
2.75
2.75
2.75
2.75
2.75
2.75
2.75
2.75
2.75
2.75
2.75
2.75
2.75
2.75
2.75
2.75
2.75
2.75
2.75
2.75
2.75
2.75
2.75
2.75
2.75
2.75
2.75
2.75
2.75
2.75
2.75
2.75
2.75
2.75
2.75
2.75
2.75
2.75
2.75
2.75
2.75
2.64
2.64
2.64
2.64
2.64
2.64
2.64
2.65
2.65
2.65
2.65
2.65
2.65
2.65
2.65
2.65
2.65
2.65
2.65
2.65
2.65
2.65
2.65
2.65
2.65
2.65
2.65
2.65
2.65
2.65
2.65
2.65
2.65
2.65
2.65
2.65
2.65
2.65
2.65
2.65
2.65
2.65
2.65
2.65
2.71
2.71
2.68
2.68
2.68
2.68
2.68
2.68
2.68
2.68
2.68
2.68
2.68
2.68
2.68
2.68
2.69
2.69
2.69
2.69
2.69
2.69
2.69
2.69
2.69
2.69
2.69
2.69
2.69
2.69
2.69
2.69
2.69
2.69
2.69
2.69
2.69
2.69
2.69
2.69
2.69
2.69
2.68
2.68
2.68
2.68
2.68
2.68
2.68
2.68
2.68
2.68
2.68
2.68
2.68
2.68
2.68
2.68
2.68
2.68
2.68
2.68
2.68
2.68
2.68
2.68
2.68
2.68
2.68
2.68
2.68
2.68
2.68
2.68
2.68
2.68
2.68
2.68
2.68
2.68
2.68
2.68
2.68
2.68
2.68
2.68
2.69
2.69
2.69
2.69
2.69
2.69
2.69
2.69
2.69
2.67
2.67
2.67
2.67
2.67
2.67
2.67
2.67
2.67
2.67
2.67
2.67
2.67
2.67
2.67
2.67
2.67
2.67
2.67
2.67
2.67
2.67
2.67
2.67
2.67
2.67
2.67
2.67
2.67
2.67
2.67
2.68
2.68
2.68
2.68
2.68
2.68
2.68
2.68
2.68
2.68
2.68
2.68
2.62
2.62
2.62
2.62
2.62
2.62
2.62
2.62
2.62
2.62
2.62
2.62
2.62
2.62
2.62
2.62
2.62
2.62
2.62
2.62
2.62
2.62
2.62
2.62
2.62
2.62
2.62
2.62
2.62
2.62
2.62
2.62
2.62
2.62
2.62
2.62
2.62
2.62
2.62
2.62
2.62
2.62
2.62
2.62
2.62
2.62
2.61
2.61
2.61
2.61
2.61
2.61
2.61
2.61
2.58
2.58
2.58
2.58
2.58
2.58
2.58
2.58
2.58
2.58
2.58
2.58
2.58
2.59
2.59
2.59
2.59
2.59
2.59
2.59
2.59
2.59
2.6
2.6
2.6
2.6
2.6
2.6
2.6
2.6
2.61
2.61
2.61
2.61
2.61
2.61
2.61
2.6
2.6
2.6
2.6
2.6
2.6
2.6
2.6
2.6
2.6
2.6
2.6
2.6
2.6
2.6
2.56
2.56
2.56
2.56
2.56
2.56
2.56
2.56
2.56
2.56
2.56
2.56
2.56
2.56
2.56
2.56
2.56
2.56
2.56
2.56
2.56
2.56
2.56
2.56
2.56
2.56
2.56
2.56
2.56
2.56
2.56
2.56
2.56
2.56
2.57
2.57
2.57
2.57
2.57
2.57
2.57
2.57
2.57
2.57
2.57
2.57
2.57
2.57
2.57
2.53
2.53
2.53
2.53
2.53
2.53
2.53
2.53
2.53
2.53
2.53
2.53
2.53
2.53
2.53
2.53
2.53
2.53
2.53
2.53
2.53
2.53
2.53
2.53
2.53
2.53
2.53
2.53
2.53
2.53
2.53
2.53
2.53
2.53
2.53
2.53
2.53
2.53
2.52
2.52
2.52
2.52
2.52
2.52
2.52
2.52
2.52
2.52
2.48
2.48
2.48
2.48
2.48
2.48
2.48
2.48
2.48
2.48
2.48
2.48
2.48
2.48
2.48
2.48
2.48
2.48
2.48
2.48
2.48
2.48
2.48
2.48
2.5
2.5
2.5
2.5
2.5
2.5
2.5
2.5
2.5
2.5
2.5
2.5
2.5
2.5
2.5
2.5
2.5
2.46
2.46
2.46
2.46
2.46
2.46
2.46
2.46
2.46
2.46
2.46
2.46
2.46
2.46
2.46
2.46
2.46
2.46
2.46
2.46
2.47
2.47
2.47
2.47
2.47
2.47
2.47
2.47
2.47
2.47
2.47
2.47
2.47
2.47
2.47
2.47
2.47
2.47
2.47
2.47
2.47
2.47
2.47
2.47
2.47
2.47
2.47
2.47
2.47
2.47
2.47
2.46
2.46
2.46
2.46
2.46
2.46
2.46
2.46
2.46
2.46
2.46
2.46
2.46
2.46
2.46
2.46
2.46
2.46
2.46
2.46
2.46
2.46
2.46
2.46
2.46
2.46
2.46
2.46
2.46
2.46
2.46
2.46
2.46
2.46
2.46
2.46
2.46
2.46
2.47
2.47
2.47
2.47
2.47
2.47
2.47
2.47
2.47
2.47
2.47
2.47
2.47
2.46
2.46
2.46
2.46
2.46
2.46
2.46
2.46
2.46
2.46
2.46
2.46
2.46
2.46
2.46
2.46
2.46
2.47
2.47
2.47
2.47
2.47
2.47
2.47
2.47
2.47
2.47
2.47
2.47
2.47
2.47
2.47
2.47
2.47
2.47
2.47
2.47
2.47
2.47
2.47
2.47
2.47
2.47
2.47
2.47
2.47
2.47
2.47
2.43
2.43
2.43
2.43
2.43
2.43
2.43
2.43
2.43
2.43
2.43
2.43
2.43
2.43
2.43
2.43
2.43
2.43
2.43
2.43
2.43
2.43
2.43
2.44
2.44
2.44
2.44
2.44
2.44
2.47
2.47
2.47
2.47
2.44
2.44
2.44
2.45
2.45
2.46
2.46
2.46
2.45
2.45
2.45
2.45
2.45
2.45
2.45
2.45
2.45
2.45
2.45
2.45
2.45
2.45
2.45
2.45
2.45
2.45
2.45
2.45
2.45
2.45
2.45
2.45
2.45
2.45
2.45
2.45
2.45
2.45
2.45
2.45
2.45
2.45
2.45
2.45
2.45
2.45
2.45
2.45
2.45
2.46
2.46
2.46
2.46
2.46
2.46
2.46
2.46
2.46
2.46
2.46
2.46
2.46
2.46
2.46
2.46
2.46
2.44
2.44
2.44
2.44
2.44
2.44
2.44
2.44
2.44
2.44
2.44
2.44
2.44
2.44
2.44
2.44
2.44
2.44
2.44
2.44
2.44
2.44
2.44
2.44
2.44
2.44
2.44
2.44
2.44
2.45
2.45
2.45
2.45
2.45
2.43
2.43
2.43
2.43
2.43
2.43
2.43
2.43
2.43
2.43
2.43
2.43
2.43
2.43
2.43
2.43
2.43
2.43
2.43
2.43
2.43
2.43
2.43
2.43
2.43
2.43
2.43
2.43
2.43
2.43
2.43
2.43
2.43
2.43
2.43
2.43
2.43
2.43
2.43
2.43
2.43
2.43
2.43
2.43
2.43
2.43
2.43
2.43
2.43
2.43
2.43
2.43
2.43
2.43
2.43
2.43
2.43
2.43
2.43
2.43
2.43
2.43
2.43
2.43
2.43
2.33
2.33
2.33
2.33
2.33
2.33
2.33
2.33
2.33
2.33
2.33
2.33
2.33
2.33
2.33
2.33
2.33
2.33
2.33
2.33
2.33
2.33
2.33
2.33
2.33
2.33
2.33
2.33
2.34
2.34
2.34
2.34
2.34
2.34
2.25
2.25
2.25
2.26
2.26
2.26
2.26
2.26
2.26
2.26
2.26
2.26
2.26
2.26
2.26
2.26
2.26
2.26
2.26
2.26
2.26
2.26
2.26
2.26
2.26
2.26
2.26
2.26
2.26
2.26
2.26
2.26
2.26
2.26
2.26
2.26
2.26
2.26
2.26
2.26
2.26
2.25
2.25
2.25
2.25
2.25
2.25
2.33
2.33
2.33
2.33
2.33
2.33
2.33
2.32
2.32
2.32
2.32
2.33
2.33
2.33
2.33
2.33
2.33
2.33
2.33
2.33
2.33
2.33
2.33
2.33
2.33
2.33
2.33
2.33
2.33
2.33
2.33
2.33
2.33
2.33
2.33
2.33
2.33
2.33
2.33
2.33
2.33
2.33
2.33
2.33
2.33
2.33
2.33
2.33
2.33
2.33
2.33
2.33
2.33
2.33
2.33
2.33
2.33
2.33
2.33
2.33
2.32
2.32
2.32
2.32
2.32
2.32
2.32
2.32
2.32
2.32
2.32
2.32
2.32
2.32
2.32
2.32
2.32
2.32
2.32
2.32
2.32
2.32
2.32
2.32
2.32
2.32
2.32
2.32
2.32
2.32
2.32
2.32
2.32
2.32
2.32
2.32
2.33
2.33
2.33
2.33
2.33
2.33
2.33
2.33
2.33
2.33
2.33
2.32
2.42
2.42
2.42
2.42
2.42
2.42
2.42
2.42
2.42
2.42
2.42
2.42
2.42
2.42
2.42
2.42
2.42
2.42
2.42
2.42
2.42
2.42
2.42
2.42
2.42
2.42
2.42
2.42
2.42
2.42
2.42
2.39
2.39
2.39
2.39
2.39
2.39
2.39
2.39
2.39
2.39
2.39
2.39
2.39
2.39
2.39
2.39
2.39
2.39
2.39
2.39
2.39
2.39
2.39
2.39
2.39
2.39
2.39
2.39
2.39
2.39
2.39
2.42
2.42
2.42
2.42
2.41
2.41
2.41
2.41
2.41
2.41
2.41
2.41
2.41
2.41
2.41
2.41
2.41
2.41
2.41
2.41
2.41
2.41
2.41
2.41
2.41
2.41
2.41
2.41
2.41
2.41
2.41
2.41
2.41
2.41
2.41
2.41
2.41
2.41
2.41
2.41
2.41
2.41
2.41
2.41
2.41
2.41
2.41
2.41
2.41
2.41
2.41
2.41
2.41
2.41
2.41
2.41
2.41
2.41
2.41
2.41
2.41
2.41
2.41
2.41
2.41
2.41
2.41
2.41
2.41
2.41
2.41
2.41
2.33
2.33
2.33
2.33
2.33
2.33
2.33
2.33
2.33
2.33
2.33
2.33
2.33
2.33
2.33
2.33
2.33
2.33
2.33
2.33
2.33
2.33
2.33
2.33
2.33
2.33
2.33
2.33
2.33
2.33
2.33
2.33
2.33
2.33
2.33
2.33
2.33
2.33
2.33
2.33
2.33
2.33
2.33
2.33
2.33
2.33
2.33
2.33
2.33
2.33
2.33
2.33
2.33
2.33
2.33
2.33
2.33
2.33
2.33
2.33
2.33
2.33
2.33
2.33
2.33
2.33
2.33
2.33
2.33
2.33
2.33
2.33
2.33
2.33
2.33
2.33
2.33
2.33
2.33
2.33
2.33
2.33
2.33
2.33
2.33
2.33
2.33
2.33
2.33
2.33
2.33
2.33
2.33
2.33
2.33
2.33
2.33
2.33
2.33
2.3
2.3
2.3
2.3
2.3
2.3
2.3
2.3
2.3
2.3
2.31
2.31
2.31
2.31
2.31
2.31
2.31
2.31
2.31
2.31
2.31
2.31
2.35
2.35
2.35
2.35
2.35
2.36
2.36
2.36
2.36
2.36
2.36
2.36
2.36
2.36
2.36
2.36
2.36
2.36
2.36
2.36
2.36
2.36
2.36
2.24
2.24
2.24
2.24
2.24
2.24
2.24
2.24
2.24
2.24
2.24
2.24
2.24
2.24
2.24
2.24
2.24
2.24
2.24
2.24
2.24
2.24
2.24
2.24
2.24
2.24
2.24
2.24
2.24
2.24
2.24
2.24
2.24
2.24
2.24
2.24
2.24
2.24
2.24
2.24
2.24
2.24
2.24
2.24
2.24
2.24
2.24
2.24
2.24
2.21
2.21
2.21
2.21
2.21
2.21
2.21
2.21
2.21
2.21
2.21
2.21
2.21
2.21
2.21
2.21
2.21
2.21
2.21
2.21
2.21
2.21
2.21
2.21
2.21
2.21
2.21
2.21
2.21
2.21
2.21
2.21
2.21
2.21
2.21
2.21
2.21
2.21
2.21
2.21
2.21
2.21
2.21
2.17
2.16
2.16
2.16
2.16
2.16
2.17
2.17
2.17
2.17
2.17
2.16
2.16
2.16
2.16
2.16
2.16
2.16
2.16
2.16
2.16
2.16
2.16
2.16
2.16
2.16
2.16
2.16
2.16
2.16
2.16
2.16
2.16
2.16
2.16
2.16
2.16
2.16
2.16
2.16
2.16
2.16
2.16
2.16
2.16
2.16
2.16
2.16
2.16
2.16
2.16
2.16
2.16
2.16
2.16
2.16
2.16
2.16
2.16
2.07
2.07
2.07
2.07
2.07
2.07
2.07
2.07
2.07
2.07
2.07
2.07
2.07
2.07
2.07
2.07
2.07
2.07
2.07
2.07
2.07
2.07
2.07
2.07
2.07
2.07
2.07
2.07
2.07
2.07
2.07
2.07
2.07
2.07
2.07
2.07
2.07
2.07
2.07
2.07
2.07
2.07
2.07
2.07
2.07
2.07
2.07
2.07
2.07
2.07
2.07
2.07
2.07
2.07
2.05
2.05
2.05
2.05
2.05
2.05
2.05
2.05
2.05
2.05
2.05
2.05
2.05
2.05
2.05
2.05
2.05
2.05
2.05
2.05
2.05
2.05
2.05
2.05
2.05
2.05
2.05
2.05
2.05
2.05
2.05
2.05
2.05
2.05
2.05
2.06
2.06
2.06
2.06
2.06
2.06
2.06
2.06
2.06
2.06
2.06
2.06
2.06
2.06
2.06
2.06
2.06
2.06
2.06
2.06
2.06
2.06
2.06
2.06
2.06
2.06
2.06
2.06
2.06
2.06
2.15
2.15
2.15
2.15
2.15
2.15
2.15
2.15
2.15
2.15
2.15
2.15
2.15
2.15
2.15
2.15
2.15
2.15
2.15
2.15
2.15
2.15
2.15
2.15
2.15
2.15
2.15
2.15
2.15
2.15
2.14
2.14
2.14
2.14
2.14
2.14
2.14
2.14
2.14
2.14
2.14
2.14
2.14
2.14
2.14
2.14
2.14
2.14
2.14
2.14
2.14
2.14
2.14
2.14
2.14
2.14
2.14
2.14
2.14
2.14
2.14
2.14
2.14
2.14
2.14
2.14
2.14
2.15
2.15
2.15
2.15
2.1
2.1
2.1
2.1
2.1
2.1
2.1
2.1
2.1
2.1
2.1
2.1
2.1
2.1
2.1
2.1
2.1
2.1
2.1
2.1
2.1
2.1
2.1
2.1
2.1
2.1
2.1
2.1
2.1
2.1
2.1
2.1
2.1
2.1
2.1
2.1
2.1
2.1
2.1
2.09
2.09
2.09
2.09
2.09
2.09
2.09
2.09
2.09
2.09
2.1
2.1
2.1
2.1
2.1
2.1
2.1
2.1
2.1
2.1
2.1
2.1
2.1
2.1
2.1
2.1
2.1
2.1
2.1
2.1
2.1
2.1
2.1
2.1
2.1
2.1
2.1
2.1
2.1
2.1
2.1
2.1
2.1
2.1
2.1
2.1
2.1
2.1
2.1
2.1
2.1
2.1
2.1
2.1
2.1
2.1
2.1
2.1
2.1
2.09
2.09
2.09
2.09
2.09
2.09
2.09
2.09
2.09
2.09
2.09
2.09
2.09
2.09
2.09
2.09
2.09
2.09
2.09
2.09
2.09
2.09
2.09
2.09
2.09
2.09
2.09
2.1
2.1
2.1
2.1
2.1
2.1
2.1
2.1
2.1
2.1
2.08
2.08
2.08
2.08
2.08
2.08
2.08
2.08
2.08
2.08
2.08
2.08
2.08
2.08
2.08
2.08
2.08
2.08
2.08
2.08
2.08
2.08
2.08
2.08
2.08
2.08
2.08
2.08
2.08
2.08
2.08
2.08
2.08
2.08
2.08
2.08
2.08
2.08
2.08
2.08
2.08
2.08
2.08
2.08
2.08
2.08
2.08
2.08
2.08
2.08
2.08
2.08
2.08
2.08
2.08
2.08
2.08
2.08
2.08
2.08
2.08
2.08
2.08
2.08
2.02
2.02
2.02
2.02
2.02
2.02
2.02
2.02
2.02
2.02
2.02
2.02
2.02
2.02
2.08
2.08
2.08
2.08
2.08
2.08
2.08
2.08
2.08
2.08
2.08
1.95
1.95
1.95
1.95
1.95
1.95
1.95
1.95
1.95
1.95
1.95
1.95
1.95
1.95
1.95
1.95
1.95
1.95
1.95
1.95
1.95
1.95
1.95
1.95
1.95
1.95
1.95
1.95
1.95
1.95
1.95
1.95
1.95
1.95
1.95
1.96
1.96
1.96
1.96
1.96
1.96
1.96
1.96
1.96
1.96
1.96
1.96
1.96
1.96
1.96
1.96
1.96
1.96
1.96
1.96
1.92
1.92
1.92
1.92
1.92
1.92
1.92
1.92
1.92
1.92
1.92
1.92
1.92
1.92
1.92
1.92
1.92
1.92
1.92
1.92
1.92
1.92
1.92
1.92
1.92
1.92
1.92
1.92
1.92
1.92
1.92
1.92
1.92
1.92
1.92
1.92
1.92
1.93
1.93
1.93
1.93
1.93
1.93
1.93
1.93
1.93
1.93
1.93
1.93
1.93
1.93
1.93
1.93
1.93
1.93
1.93
1.93
1.93
1.93
1.93
1.93
1.93
1.93
1.93
1.93
1.93
1.93
1.93
1.93
1.93
1.93
1.93
1.93
1.93
1.93
1.93
1.93
1.93
1.93
1.93
1.93
1.93
1.93
1.93
1.93
1.93
1.93
1.93
1.93
1.93
1.93
1.93
1.93
1.93
1.93
1.93
1.93
1.93
1.9
1.9
1.91
1.91
1.91
1.91
1.91
1.91
1.91
1.91
1.91
1.91
1.91
1.91
1.91
1.91
1.91
1.91
1.91
1.91
1.91
1.91
1.91
1.91
1.91
1.91
1.91
1.91
1.91
1.91
1.91
1.91
1.91
1.91
1.91
1.91
1.91
1.91
1.91
1.91
1.91
1.91
1.91
1.91
1.91
1.91
1.91
1.91
1.91
1.91
1.91
1.91
1.91
1.91
1.91
1.91
1.91
1.91
1.91
1.91
1.91
1.91
1.91
1.91
1.82
1.82
1.82
1.82
1.82
1.82
1.82
1.82
1.82
1.82
1.82
1.82
1.82
1.82
1.82
1.82
1.82
1.82
1.82
1.82
1.82
1.82
1.82
1.82
1.82
1.82
1.82
1.82
1.82
1.82
1.82
1.82
1.82
1.82
1.82
1.82
1.82
1.82
1.82
1.82
1.82
1.82
1.82
1.82
1.82
1.8
1.8
1.8
1.8
1.8
1.8
1.8
1.8
1.8
1.8
1.8
1.8
1.8
1.8
1.8
1.8
1.8
1.8
1.8
1.8
1.8
1.8
1.8
1.8
1.8
1.8
1.8
1.8
1.8
1.8
1.8
1.81
1.81
1.81
1.81
1.81
1.81
1.81
1.81
1.8
1.8
1.8
1.8
1.8
1.8
1.8
1.8
1.8
1.8
1.8
1.8
1.8
1.8
1.8
1.8
1.8
1.8
1.8
1.8
1.8
1.8
1.8
1.8
1.8
1.8
1.8
1.8
1.8
1.8
1.8
1.8
1.81
1.81
1.81
1.81
1.81
1.81
1.81
1.81
1.81
1.81
1.81
1.81
1.78
1.78
1.78
1.78
1.78
1.78
1.78
1.78
1.78
1.78
1.78
1.78
1.78
1.78
1.78
1.78
1.78
1.78
1.78
1.78
1.78
1.79
1.79
1.79
1.79
1.79
1.79
1.79
1.79
1.79
1.79
1.79
1.79
1.8
1.8
1.8
1.81
1.81
1.82
1.82
1.82
1.82
1.82
1.82
1.82
1.82
1.82
1.82
1.82
1.82
1.82
1.82
1.82
1.82
1.82
1.82
1.82
1.82
1.82
1.82
1.82
1.8
1.8
1.8
1.8
1.8
1.8
1.8
1.8
1.8
1.8
1.8
1.8
1.8
1.8
1.8
1.8
1.8
1.8
1.8
1.8
1.8
1.8
1.8
1.8
1.8
1.8
1.8
1.8
1.8
1.8
1.8
1.8
1.8
1.8
1.8
1.8
1.8
1.8
1.8
1.8
1.8
1.8
1.8
1.8
1.8
1.8
1.78
1.78
1.78
1.78
1.78
1.78
1.78
1.78
1.78
1.78
1.78
1.78
1.78
1.78
1.78
1.78
1.78
1.78
1.77
1.77
1.77
1.77
1.77
1.77
1.77
1.77
1.77
1.77
1.77
1.77
1.77
1.77
1.77
1.77
1.77
1.77
1.77
1.77
1.77
1.77
1.77
1.77
1.77
1.73
1.73
1.73
1.73
1.73
1.73
1.73
1.73
1.73
1.73
1.73
1.73
1.73
1.73
1.73
1.73
1.73
1.73
1.73
1.73
1.73
1.73
1.73
1.74
1.74
1.74
1.74
1.74
1.74
1.74
1.74
1.74
1.74
1.74
1.74
1.74
1.74
1.74
1.74
1.74
1.74
1.74
1.74
1.74
1.74
1.74
1.74
1.74
1.74
1.74
1.74
1.74
1.74
1.74
1.74
1.74
1.7
1.7
1.7
1.7
1.7
1.7
1.7
1.7
1.7
1.7
1.7
1.7
1.7
1.7
1.7
1.7
1.7
1.7
1.7
1.7
1.7
1.7
1.7
1.7
1.7
1.7
1.7
1.7
1.7
1.7
1.7
1.7
1.7
1.71
1.71
1.71
1.71
1.71
1.71
1.71
1.71
1.69
1.69
1.69
1.69
1.69
1.69
1.69
1.69
1.69
1.69
1.69
1.69
1.69
1.69
1.69
1.69
1.69
1.69
1.69
1.7
1.7
1.71
1.71
1.71
1.71
1.71
1.74
1.74
1.74
1.74
1.74
1.74
1.74
1.74
1.74
1.74
1.74
1.74
1.74
1.74
1.74
1.74
1.74
1.74
1.74
1.74
1.74
1.74
1.71
1.71
1.71
1.71
1.71
1.71
1.71
1.71
1.71
1.71
1.71
1.71
1.71
1.71
1.71
1.71
1.71
1.71
1.71
1.71
1.71
1.71
1.71
1.71
1.71
1.71
1.71
1.71
1.71
1.71
1.71
1.71
1.71
1.71
1.71
1.71
1.71
1.71
1.71
1.68
1.68
1.68
1.68
1.68
1.68
1.68
1.68
1.68
1.68
1.69
1.69
1.69
1.69
1.69
1.69
1.69
1.69
1.69
1.69
1.69
1.69
1.69
1.69
1.69
1.69
1.69
1.69
1.69
1.69
1.69
1.69
1.69
1.69
1.69
1.69
1.69
1.69
1.69
1.69
1.69
1.69
1.69
1.69
1.69
1.69
1.69
1.69
1.69
1.69
1.69
1.69
1.69
1.69
1.69
1.64
1.64
1.64
1.64
1.64
1.64
1.64
1.64
1.64
1.64
1.64
1.64
1.64
1.65
1.65
1.67
1.67
1.67
1.67
1.67
1.67
1.67
1.67
1.67
1.67
1.67
1.67
1.67
1.67
1.67
1.67
1.67
1.67
1.67
1.67
1.67
1.73
1.73
1.73
1.73
1.73
1.73
1.73
1.73
1.73
1.73
1.73
1.72
1.72
1.72
1.72
1.72
1.72
1.72
1.72
1.72
1.72
1.72
1.72
1.72
1.72
1.72
1.72
1.72
1.72
1.72
1.72
1.72
1.72
1.72
1.72
1.72
1.72
1.72
1.72
1.72
1.72
1.72
1.72
1.72
1.72
1.72
1.72
1.72
1.72
1.72
1.72
1.81
1.85
1.85
1.85
1.85
1.85
1.85
1.83
1.83
1.83
1.83
1.83
1.83
1.83
1.83
1.83
1.84
1.84
1.84
1.84
1.84
1.84
1.84
1.84
1.84
1.84
1.84
1.85
1.85
1.85
1.85
1.85
1.85
1.85
1.85
1.85
1.85
1.85
1.85
1.85
1.85
1.85
1.85
1.85
1.85
1.85
1.85
1.85
1.85
1.85
1.85
1.85
1.83
1.83
1.83
1.83
1.83
1.83
1.83
1.83
1.85
1.85
1.85
1.85
1.85
1.85
1.85
1.85
1.85
1.85
1.85
1.85
1.85
1.85
1.85
1.85
1.85
1.85
1.85
1.85
1.85
1.85
1.85
1.85
1.85
1.85
1.85
1.85
1.85
1.85
1.85
1.85
1.85
1.85
1.85
1.85
1.85
1.85
1.85
1.85
1.85
1.85
1.86
1.86
1.86
1.86
1.86
1.86
1.86
1.86
1.86
1.86
1.86
1.86
1.86
1.86
1.86
1.86
1.86
1.87
1.87
1.87
1.87
1.87
1.87
1.87
1.87
1.87
1.87
1.87
1.87
1.87
1.87
1.87
1.87
1.87
1.87
1.87
1.87
1.87
1.87
1.87
1.87
1.87
1.87
1.87
1.87
1.87
1.87
1.87
1.87
1.86
1.86
1.86
1.86
1.86
1.86
1.86
1.86
1.86
1.86
1.86
1.86
1.86
1.86
1.86
1.86
1.86
1.86
1.86
1.87
1.87
1.87
1.87
1.87
1.87
1.87
1.87
1.87
1.87
1.87
1.87
1.87
1.87
1.87
1.87
1.87
1.87
1.87
1.87
1.87
1.87
1.87
1.87
1.87
1.87
1.87
1.87
1.87
1.87
1.87
1.87
1.87
1.87
1.87
1.87
1.87
1.87
1.87
1.87
1.87
1.87
1.87
1.87
1.87
1.87
1.87
1.87
1.87
1.87
1.87
1.87
1.87
1.87
1.87
1.87
1.87
1.87
1.87
1.87
1.87
1.87
1.87
1.87
1.87
1.87
1.87
1.86
1.86
1.86
1.86
1.86
1.86
1.86
1.86
1.86
1.86
1.86
1.86
1.86
1.86
1.86
1.86
1.86
1.86
1.86
1.86
1.86
1.86
1.86
1.86
1.86
1.86
1.86
1.86
1.86
1.86
1.86
1.86
1.86
1.86
1.87
1.87
1.87
1.87
1.87
1.87
1.87
1.87
1.87
1.87
1.87
1.87
1.87
1.87
1.87
1.87
1.87
1.87
1.87
1.87
1.87
1.87
1.87
1.87
1.87
1.87
1.8
1.8
1.8
1.8
1.8
1.8
1.8
1.8
1.8
1.8
1.8
1.8
1.8
1.8
1.8
1.8
1.8
1.8
1.8
1.8
1.8
1.86
1.86
1.86
1.86
1.86
1.86
1.86
1.86
1.86
1.86
1.86
1.86
1.86
1.86
1.86
1.86
1.86
1.86
1.86
1.86
1.86
1.86
1.86
1.86
1.86
1.86
1.86
1.86
1.86
1.86
1.85
1.85
1.85
1.85
1.85
1.85
1.85
1.85
1.85
1.85
1.85
1.85
1.85
1.85
1.85
1.85
1.85
1.85
1.85
1.85
1.85
1.85
1.85
1.85
1.85
1.85
1.85
1.85
1.85
1.85
1.85
1.85
1.85
1.85
1.85
1.85
1.82
1.82
1.82
1.82
1.82
1.82
1.82
1.82
1.82
1.82
1.82
1.82
1.82
1.82
1.82
1.82
1.82
1.82
1.82
1.82
1.82
1.82
1.82
1.82
1.82
1.82
1.82
1.82
1.82
1.82
1.82
1.82
1.82
1.82
1.82
1.82
1.82
1.82
1.82
1.82
1.82
1.82
1.82
1.82
1.82
1.82
1.82
1.82
1.82
1.82
1.82
1.82
1.82
1.82
1.82
1.82
1.82
1.82
1.82
1.81
1.81
1.81
1.81
1.81
1.81
1.81
1.81
1.81
1.81
1.81
1.81
1.81
1.81
1.81
1.81
1.81
1.81
1.81
1.81
1.81
1.81
1.81
1.81
1.81
1.81
1.81
1.81
1.81
1.81
1.82
1.82
1.82
1.82
1.82
1.82
1.8
1.8
1.8
1.8
1.8
1.8
1.8
1.8
1.8
1.8
1.8
1.8
1.8
1.8
1.8
1.8
1.8
1.8
1.8
1.81
1.81
1.81
1.81
1.81
1.81
1.81
1.81
1.81
1.81
1.81
1.81
1.81
1.81
1.81
1.81
1.81
1.81
1.81
1.81
1.81
1.81
1.81
1.81
1.81
1.81
1.81
1.81
1.81
1.81
1.81
1.81
1.81
1.81
1.81
1.81
1.75
1.75
1.75
1.75
1.75
1.75
1.75
1.75
1.75
1.76
1.76
1.76
1.76
1.76
1.76
1.76
1.76
1.76
1.76
1.76
1.76
1.76
1.76
1.76
1.76
1.76
1.76
1.76
1.76
1.76
1.76
1.76
1.76
1.76
1.76
1.76
1.76
1.76
1.76
1.76
1.76
1.76
1.76
1.76
1.76
1.76
1.74
1.74
1.74
1.74
1.74
1.74
1.74
1.74
1.74
1.74
1.74
1.74
1.74
1.74
1.74
1.74
1.74
1.74
1.74
1.74
1.74
1.74
1.74
1.74
1.74
1.74
1.74
1.74
1.74
1.74
1.74
1.74
1.74
1.74
1.74
1.74
1.74
1.74
1.74
1.74
1.74
1.74
1.74
1.74
1.74
1.74
1.74
1.74
1.74
1.74
1.74
1.74
1.74
1.73
1.73
1.73
1.74
1.74
1.74
1.74
1.74
1.74
1.74
1.74
1.74
1.74
1.74
1.74
1.74
1.74
1.74
1.74
1.74
1.74
1.74
1.74
1.74
1.74
1.74
1.74
1.74
1.74
1.74
1.74
1.74
1.74
1.74
1.74
1.74
1.74
1.74
1.74
1.74
1.74
1.74
1.74
1.74
1.74
1.74
1.74
1.74
1.74
1.74
1.71
1.71
1.71
1.71
1.71
1.71
1.71
1.71
1.71
1.71
1.71
1.71
1.71
1.73
1.73
1.73
1.73
1.73
1.73
1.73
1.73
1.73
1.73
1.73
1.73
1.73
1.73
1.73
1.73
1.73
1.73
1.73
1.73
1.73
1.73
1.73
1.73
1.73
1.73
1.73
1.73
1.73
1.73
1.73
1.73
1.73
1.73
1.73
1.73
1.73
1.73
1.71
1.71
1.71
1.71
1.71
1.71
1.71
1.71
1.71
1.71
1.71
1.71
1.71
1.71
1.71
1.71
1.71
1.71
1.71
1.71
1.71
1.71
1.71
1.71
1.72
1.72
1.72
1.72
1.72
1.72
1.72
1.72
1.72
1.72
1.72
1.72
1.72
1.7
1.7
1.7
1.7
1.7
1.7
1.7
1.7
1.7
1.7
1.7
1.7
1.7
1.7
1.7
1.7
1.7
1.7
1.7
1.7
1.7
1.7
1.7
1.7
1.7
1.7
1.7
1.7
1.7
1.7
1.7
1.7
1.7
1.7
1.7
1.7
1.7
1.7
1.7
1.7
1.7
1.7
1.7
1.7
1.7
1.7
1.7
1.7
1.7
1.7
1.7
1.7
1.7
1.7
1.7
1.7
1.7
1.67
1.67
1.67
1.67
1.69
1.69
1.69
1.69
1.69
1.69
1.69
1.69
1.69
1.69
1.69
1.69
1.69
1.69
1.69
1.69
1.69
1.69
1.69
1.69
1.69
1.69
1.69
1.69
1.69
1.69
1.69
1.69
1.69
1.69
1.69
1.69
1.69
1.69
1.69
1.69
1.69
1.69
1.69
1.69
1.69
1.69
1.64
1.64
1.64
1.64
1.64
1.64
1.64
1.64
1.64
1.64
1.64
1.64
1.64
1.64
1.64
1.64
1.64
1.64
1.64
1.64
1.64
1.64
1.64
1.64
1.64
1.64
1.64
1.64
1.64
1.64
1.64
1.64
1.64
1.64
1.64
1.64
1.64
1.64
1.64
1.64
1.64
1.64
1.64
1.64
1.64
1.64
1.64
1.64
1.64
1.61
1.61
1.61
1.61
1.61
1.61
1.61
1.61
1.61
1.61
1.61
1.61
1.61
1.61
1.61
1.61
1.61
1.61
1.61
1.61
1.61
1.61
1.61
1.61
1.61
1.61
1.61
1.61
1.61
1.61
1.61
1.61
1.61
1.61
1.61
1.61
1.61
1.61
1.61
1.61
1.61
1.61
1.61
1.61
1.61
1.6
1.6
1.6
1.6
1.6
1.6
1.6
1.6
1.6
1.6
1.6
1.6
1.6
1.6
1.6
1.6
1.6
1.6
1.6
1.6
1.6
1.6
1.6
1.6
1.6
1.6
1.6
1.6
1.66
1.66
1.66
1.66
1.66
1.66
1.66
1.66
1.67
1.67
1.67
1.67
1.67
1.67
1.67
1.67
1.67
1.67
1.67
1.65
1.65
1.65
1.65
1.65
1.65
1.65
1.65
1.65
1.65
1.65
1.65
1.65
1.65
1.65
1.65
1.65
1.65
1.65
1.65
1.65
1.65
1.65
1.65
1.65
1.65
1.65
1.66
1.66
1.66
1.66
1.66
1.66
1.66
1.66
1.66
1.66
1.66
1.66
1.66
1.66
1.66
1.66
1.66
1.66
1.66
1.66
1.66
1.66
1.66
1.66
1.66
1.66
1.64
1.64
1.64
1.64
1.64
1.64
1.64
1.64
1.64
1.64
1.64
1.64
1.64
1.64
1.64
1.64
1.64
1.64
1.64
1.64
1.64
1.64
1.64
1.64
1.64
1.64
1.64
1.64
1.64
1.64
1.64
1.64
1.64
1.64
1.64
1.64
1.64
1.65
1.65
1.65
1.65
1.65
1.65
1.65
1.65
1.65
1.65
1.65
1.57
1.57
1.57
1.57
1.57
1.57
1.57
1.57
1.57
1.57
1.57
1.57
1.57
1.58
1.58
1.58
1.58
1.58
1.58
1.58
1.58
1.58
1.58
1.58
1.58
1.58
1.58
1.58
1.58
1.58
1.58
1.58
1.58
1.58
1.58
1.58
1.59
1.59
1.59
1.59
1.59
1.59
1.59
1.59
1.56
1.57
1.57
1.57
1.57
1.57
1.57
1.57
1.57
1.57
1.57
1.57
1.57
1.57
1.57
1.57
1.57
1.57
1.57
1.57
1.57
1.57
1.57
1.57
1.57
1.57
1.57
1.57
1.57
1.57
1.57
1.57
1.57
1.57
1.57
1.57
1.57
1.57
1.57
1.57
1.57
1.57
1.57
1.57
1.58
1.58
1.58
1.58
1.58
1.58
1.48
1.48
1.48
1.48
1.48
1.48
1.48
1.48
1.48
1.48
1.48
1.48
1.48
1.48
1.48
1.48
1.48
1.48
1.48
1.48
1.48
1.48
1.48
1.48
1.48
1.48
1.48
1.48
1.48
1.48
1.48
1.48
1.49
1.49
1.49
1.49
1.49
1.49
1.49
1.49
1.49
1.49
1.49
1.49
1.49
1.49
1.49
1.49
1.49
1.49
1.49
1.49
1.49
1.49
1.49
1.49
1.49
1.49
1.49
1.49
1.49
1.49
1.49
1.49
1.49
1.49
1.49
1.49
1.49
1.49
1.49
1.49
1.49
1.49
1.49
1.49
1.49
1.49
1.49
1.49
1.49
1.49
1.49
1.49
1.49
1.49
1.49
1.49
1.49
1.49
1.46
1.46
1.46
1.46
1.46
1.46
1.46
1.46
1.46
1.46
1.46
1.46
1.46
1.46
1.46
1.47
1.47
1.47
1.47
1.47
1.47
1.47
1.47
1.47
1.47
1.47
1.47
1.47
1.47
1.47
1.47
1.47
1.47
1.47
1.47
1.47
1.47
1.47
1.47
1.47
1.47
1.47
1.47
1.47
1.47
1.47
1.47
1.47
1.48
1.48
1.48
1.48
1.48
1.48
1.48
1.48
1.48
1.48
1.48
1.48
1.48
1.48
1.48
1.48
1.48
1.48
1.48
1.48
1.48
1.48
1.48
1.48
1.48
1.48
1.48
1.48
1.48
1.48
1.48
1.48
1.48
1.48
1.48
1.48
1.48
1.48
1.48
1.48
1.48
1.48
1.48
1.48
1.48
1.48
1.48
1.48
1.48
1.48
1.48
1.48
1.48
1.48
1.48
1.48
1.48
1.48
1.48
1.48
1.48
1.48
1.48
1.48
1.48
1.48
1.48
1.48
1.48
1.48
1.48
1.48
1.48
1.48
1.48
1.48
1.48
1.48
1.48
1.52
1.52
1.52
1.52
1.52
1.52
1.52
1.52
1.52
1.52
1.52
1.52
1.52
1.52
1.52
1.52
1.52
1.52
1.52
1.54
1.54
1.54
1.54
1.54
1.54
1.52
1.52
1.52
1.52
1.52
1.52
1.52
1.52
1.52
1.52
1.52
1.52
1.52
1.52
1.52
1.52
1.52
1.52
1.52
1.52
1.52
1.52
1.52
1.52
1.52
1.52
1.52
1.52
1.52
1.52
1.52
1.52
1.52
1.52
1.52
1.52
1.52
1.52
1.52
1.48
1.48
1.48
1.48
1.48
1.48
1.48
1.48
1.48
1.48
1.48
1.48
1.48
1.48
1.48
1.48
1.48
1.48
1.48
1.48
1.48
1.48
1.48
1.48
1.48
1.48
1.48
1.48
1.48
1.48
1.48
1.48
1.48
1.48
1.48
1.48
1.48
1.48
1.48
1.48
1.48
1.48
1.48
1.48
1.48
1.48
1.48
1.48
1.48
1.48
1.48
1.48
1.48
1.49
1.5
1.5
1.5
1.5
1.5
1.5
1.5
1.5
1.49
1.49
1.49
1.49
1.49
1.49
1.49
1.49
1.49
1.49
1.49
1.49
1.49
1.49
1.49
1.49
1.49
1.49
1.49
1.49
1.49
1.49
1.49
1.49
1.49
1.49
1.49
1.49
1.49
1.49
1.49
1.49
1.49
1.49
1.49
1.49
1.49
1.49
1.49
1.47
1.47
1.47
1.47
1.47
1.48
1.48
1.48
1.48
1.48
1.48
1.48
1.48
1.48
1.48
1.48
1.48
1.48
1.48
1.48
1.48
1.48
1.48
1.48
1.48
1.48
1.48
1.48
1.48
1.48
1.49
1.49
1.49
1.49
1.5
1.5
1.5
1.5
1.5
1.5
1.5
1.5
1.5
1.5
1.5
1.5
1.5
1.5
1.5
1.5
1.5
1.5
1.5
1.5
1.5
1.5
1.5
1.5
1.5
1.5
1.5
1.5
1.5
1.5
1.5
1.5
1.5
1.51
1.51
1.51
1.51
1.51
1.51
1.51
1.51
1.51
1.51
1.51
1.51
1.51
1.51
1.51
1.51
1.51
1.51
1.51
1.51
1.51
1.51
1.51
1.51
1.51
1.52
1.52
1.52
1.52
1.52
1.52
1.52
1.52
1.52
1.52
1.52
1.52
1.52
1.52
1.53
1.53
1.53
1.53
1.53
1.53
1.53
1.53
1.53
1.53
1.53
1.53
1.53
1.53
1.53
1.53
1.53
1.53
1.53
1.53
1.53
1.53
1.53
1.53
1.53
1.53
1.53
1.53
1.53
1.53
1.53
1.53
1.53
1.53
1.53
1.53
1.53
1.53
1.53
1.53
1.53
1.53
1.53
1.53
1.53
1.53
1.53
1.52
1.52
1.52
1.52
1.52
1.52
1.52
1.52
1.52
1.52
1.52
1.52
1.52
1.52
1.52
1.52
1.52
1.52
1.52
1.52
1.52
1.52
1.52
1.52
1.52
1.52
1.52
1.52
1.52
1.52
1.52
1.52
1.52
1.52
1.52
1.52
1.52
1.52
1.52
1.52
1.52
1.52
1.52
1.52
1.52
1.52
1.47
1.47
1.47
1.47
1.47
1.47
1.47
1.47
1.47
1.47
1.47
1.47
1.47
1.47
1.47
1.47
1.47
1.47
1.47
1.47
1.47
1.47
1.47
1.47
1.47
1.47
1.47
1.47
1.47
1.47
1.47
1.47
1.49
1.5
1.5
1.5
1.5
1.5
1.5
1.5
1.49
1.49
1.49
1.49
1.49
1.49
1.49
1.49
1.49
1.49
1.49
1.49
1.49
1.49
1.49
1.49
1.49
1.49
1.49
1.49
1.49
1.49
1.49
1.49
1.49
